11111111111111111111111111111111
11111111111111111111111111111111
11111111111111111111111111111111
11110000100110011111111111110100
11111111111111111111111111111111
11111110110110100000010000001111
01111111000000000101100010010011
00000000000000001001100000000000
00110000000000000000000000000000
00000000000001011100000000000000
00000000000010111110000000000000
00000000000101110100000000000000
00000000000101111000000000000000
00000000000011100000000000000000
00000000000011111100000000000000
00000000001011111010000000000000
00000000001011011100000000000000
00000000001111111100000000000000
00000000001111111100000000000000
00000000001111011010000000000000
00000000001011111010000000000000
00000000000101111000000000000000
00000000000010000000000000000000
00000000000001110000000000000000
00000000000000000001000000000000
00000000000000000000000000010000
00000000000000000000000000000000
00001000000000000000000000011111
10000000111111111111111111111111
01111100000000000000000000000000
11111101111111111111111111111111
11111101111111111111111111111111
