00000000000000000000000000000000
00000011000001100000000000000000
00000100111110011111111111100000
00001011000000100000000000000000
00010111111111111111111111110100
00011111111111111111111111111100
00101111111111111111101111000000
00101111111110000001011111110000
00111111110001111110111110100000
00000011111110000111111101000000
00001100000000000101111010000000
00000011110000001111110110000000
00000000000000001011111100000000
00000000000000010111101000000000
00000000000000111111010000000000
00000000000000101111110000000000
00000000000001111110100000000000
00000000000001011111000000000000
00000000000010111011000000000000
00000000000111111010000000000000
00000000000101111100000000000000
00000000001011110010000000000000
00000000001011101111100000000000
00000000010111111101000000000000
00000000010111111010000000000000
00000000010111111110000000000000
00000000010111110100000000000000
00000000101111101000000000000000
00000000101100010000000000000000
00000000000011100000000000000000
00000000001100000000000000000000
00000000000000000000000000000000
